001
002
003
004
005
006
007
008
009
010
011
012
016
017
018
019
020
025
026
027
028
029
030
031
032
033
034
035
036
039
040
050
051
054
055
056
057
058
059
066
067
068
074
075
076
077
078
081
082
086
087
088
089
090
091
092
093
094
095
096
097
098
099
104
105
116
117
123
124
125
126
127
129
130
131
133
134
135
136
138
139
140
141
142
144
145
146
147
148
149
152
153
154
155
156
157
158
159
160
172
173
174
175
176
177
178
179
180
181
183
184
190
191
192
196
197
198
200
202
204
205
208
209
210
212
213
220
221
225
228
229
230
238
239
240
243
246
247
248
249
250
252
253
254
255
256
257
261
262
263
264
270
271
272
276
277
278
279
287
288
289
296
297
298
302
303
304
305
306
307
308
311
312
315
320
321
325
326
327
333
334
337
338
345
346
347
348
349
350
351
353
354
355
356
359
360
361
362
366
367
368
370
371
372
373
374
375
376
380
381
382
383
403
404
405
406
407
424
425
426
427
428
429
430
436
437
462
466
467
468
470
471
473
477
478
488
891
892